1000 9
1000 8.772
1000 8.045
1000 7.585
1000 8.264
1000 8.271
1000 8.454
1000 10.061
1000 9.138
1000 9.808
1000 9.491
1000 9.159
1000 9.259
1000 9.902
1000 9.265
1000 11.804
1000 10.019
1000 11.416
1000 11.126
1000 10.199
1000 13.652
1000 13.371
1000 10.358
1000 10.616
1000 10
1000 8.712
1000 11.432
1000 9.903
1000 9.361
1000 9.185
1000 11.216
1000 11.277
1000 10.096
1000 10.512
1000 9.545
1000 12.558
1000 10.472
1000 9.831
1000 9.369
1000 9.755
1000 9.428
1000 9.983
1000 8.144
1000 12.207
1000 10.706
1000 9.872
1000 12.368
1000 10.002
1000 11.39
1000 9.801
1000 9.935
1000 8.603
1000 11.297
1000 9.053
1000 10.638
1000 8.225
1000 8.286
1000 8.179
1000 8.219
1000 8.66
1000 8.326
1000 8.222
1000 8.028
1000 7.629
1000 7.814
1000 7.596
1000 7.815
1000 8.744
1000 8.051
1000 7.968
1000 9.128
1000 7.881
1000 7.703
1000 7.735
1000 7.716
1000 7.89
1000 8.017
1000 7.808
1000 7.737
1000 8.588
1000 7.75
1000 7.773
1000 7.692
1000 7.683
1000 7.839
1000 8.011
1000 8.597
1000 8.629
1000 9.622
1000 9.438
1000 8.602
1000 8.614
1000 9.761
1000 8.539
1000 8.887
1000 8.913
1000 8.852
1000 8.636
1000 8.544
1000 8.154
