498554  250639
498554  250639
498554  250639
498554  250639
498554  250639
499094  245486
499094  245486
499094  245486
499094  245486
499094  245486
499094  245486
499094  245486
499094  245486
499094  245486
499094  245486
499094  245486
499094  245486
499094  245486
499094  245486
499094  245486
499094  245486
499094  245486
499094  245486
499094  245486
499094  245486
499094  245486
499094  245486
499094  245486
499094  245486
499094  245486
499094  245486
499094  245486
499094  245486
499094  245486
499094  245486
499094  245486
499094  245486
499094  245486
499094  245486
499094  245486
499094  245486
499094  245486
499094  245486
499094  245486
499094  245486
499094  245486
499094  245486
499094  245486
499094  245486
499094  245486
499094  245486
499094  245486
499094  245486
499094  245486
499094  245486
499094  245486
499094  245486
499094  245486
499094  245486
499094  245486
499094  245486
499094  245486
499094  245486
499269  256731
499269  256731
499269  256731
499269  256731
499269  256731
499269  256731
499269  256731
499269  256731
499269  256731
499269  256731
499269  256731
499269  256731
499269  256731
499269  256731
499269  256731
499269  256731
499269  256731
499269  256731
499269  256731
499269  256731
499269  256731
499269  256731
499269  256731
499269  256731
499269  256731
499269  256731
499269  256731
499269  256731
499269  256731
499269  256731
499269  256731
499269  256731
499269  256731
499269  256731
499269  256731
499269  256731
499269  256731
