200 0.132
400 0.664
600 1.092
800 1.913
1000 2.971
1200 4.291
1400 6.089
1600 7.759
1800 9.704
2000 11.934
2200 14.357
2400 17.961
2600 20.07
2800 25.845
3000 26.361
3200 33.559
3400 34.067
3600 47.062
3800 44.897
4000 53.236
4200 58.752
4400 65.245
4600 68.08
4800 71.421
5000 90.589
5200 95.359
5400 87.694
5600 104.463
5800 114.936
6000 123.435
6200 132.012
6400 131.007
6600 144.974
6800 149.602
7000 147.295
7200 163.691
7400 174.675
7600 180.613
7800 201.41
8000 336.537
8200 224.596
8400 225.45
8600 245.606
8800 246.859
9000 258.353
9200 265.97
9400 285.964
9600 282.561
9800 304.357
10000 304.498
10200 321.173
10400 330.11
10600 348.036
10800 355.642
11000 367.758
11200 391.379
11400 401.823
11600 421.787
11800 424.585
12000 444.789
12200 442.053
12400 453.108
12600 495.094
12800 504.571
13000 515.901
13200 536.136
13400 531.27
13600 563.265
13800 620.362
14000 597.485
14200 608.47
14400 634.887
14600 651.313
14800 704.169
15000 675.52
15200 695.102
15400 731.671
15600 748.807
15800 769.592
16000 773.531
16200 797.071
16400 798.301
16600 837.949
16800 838.035
17000 889.377
17200 888.553
17400 911.084
17600 927.723
17800 948.727
18000 1030.12
18200 989.429
18400 1032.28
18600 1037.97
18800 1053.92
19000 1109.38
19200 1145.67
19400 1138.84
19600 1185.51
19800 1225.14
20000 1188.13
