200 0.114
400 0.422
600 0.955
800 1.701
1000 2.648
1200 3.802
1400 5.402
1600 8.219
1800 8.762
2000 11.058
2200 13.048
2400 18.178
2600 18.258
2800 21.02
3000 24.377
3200 29.098
3400 31.644
3600 35.334
3800 39.006
4000 48.891
4200 47.907
4400 53.784
4600 57.778
4800 70.233
5000 70.909
5200 72.937
5400 89.25
5600 99.637
5800 95.269
6000 98.851
6200 112.159
6400 123.643
6600 134.709
6800 141.578
7000 147.919
7200 156.741
7400 157.972
7600 155.34
7800 163.735
8000 172.783
8200 192.18
8400 207.39
8600 227.524
8800 226.255
9000 239.367
9200 244.141
9400 262.631
9600 270.382
9800 275.767
10000 294.377
10200 284.452
10400 305.221
10600 321.484
10800 318.644
11000 338.91
11200 366.565
11400 367.566
11600 376.017
11800 380.948
12000 411.662
12200 416.36
12400 419.342
12600 443.538
12800 462.113
13000 484.83
13200 501.296
13400 500.285
13600 537.927
13800 530.279
14000 538.812
14200 559.146
14400 574.362
14600 583.875
14800 606.937
15000 645.612
15200 646.64
15400 653.541
15600 670.597
15800 687.129
16000 726.99
16200 732.233
16400 758.051
16600 767.623
16800 787.198
17000 817.274
17200 801.711
17400 840.864
17600 875.837
17800 885.787
18000 899.506
18200 915.511
18400 940.934
18600 985.741
18800 1001.99
19000 1020.28
19200 1066.74
19400 1088.05
19600 1077.94
19800 1125.8
20000 1115.35
