200 0.484
400 1.768
600 4.008
800 5.254
1000 8.324
1200 11.65
1400 15.092
1600 19.942
1800 30.601
2000 32.674
2200 38.723
2400 44.716
2600 57.252
2800 65.766
3000 76.871
3200 101.486
3400 111.387
3600 138.958
3800 136.575
4000 165.276
4200 174.757
4400 182.686
4600 185.272
4800 213.164
5000 222.138
5200 253.826
5400 331.019
5600 841.451
5800 699.987
6000 312.179
6200 481.402
6400 510.392
6600 511.467
6800 563.115
7000 463.29
7200 419.19
7400 444.475
7600 520.453
7800 568.475
8000 587.045
8200 633.043
8400 643.871
8600 689.059
8800 703.169
9000 731.885
9200 737.664
9400 829.711
9600 854.178
9800 868.628
10000 973.809
10200 1199.43
10400 914.394
10600 1262.42
10800 1407.95
11000 1475.51
11200 1566.03
11400 1552.03
11600 1355.96
11800 1280.07
12000 2030.88
12200 1386.48
12400 1323.84
12600 1379.48
12800 1475
13000 1526.39
13200 1640.32
13400 2709.51
13600 1793.35
13800 1667.25
14000 1931.77
14200 1909.68
14400 1965.23
14600 1887.74
14800 1856.19
15000 1845.83
15200 1920.75
15400 1992.32
15600 2085.38
15800 2100.38
16000 2124.26
16200 2192.37
16400 2306.28
16600 2316.85
16800 2550.43
17000 2750.49
17200 2466.95
17400 2561.95
17600 2615.55
17800 2673.11
18000 2696.12
18200 2793.78
18400 2812.06
18600 2871.3
18800 2939
19000 3023.87
19200 3036.99
19400 3149.34
19600 3240.87
19800 3328.89
20000 3344.39
