10000 34 143 999890
905862
17478
10072
8845
8158
1892
176
162
143
240
219
1222
994
612
724
751
1045
1168
1223
1871
1666
1463
6074
5589
4262
3941
2095
1912
2026
1948
2916
2120
2099
2566
2487
2213
2552
2886
2689
2857
2748
3277
2934
3255
3187
3475
3391
3549
3571
3676
3890
4113
4138
4605
4458
4437
4373
4352
4289
4434
4443
4599
4632
5525
4694
4650
4640
4855
4803
4847
5323
5128
5570
5801
5682
7904
6733
6534
7036
6805
7422
7073
7112
7371
7754
7978
7923
8111
8364
8209
8274
8573
8425
8522
8588
8778
9359
8965
9037
9233
9426
9410
9748
9427
9704
9602
10058
11223
10678
10588
10277
10261
10188
10295
10406
10299
10522
10648
10908
10688
10938
11069
11017
11019
16598
15008
11652
11425
11488
13913
12941
11970
11936
11701
12160
12738
12235
12451
12461
12470
12806
13472
13302
13351
13408
13576
13839
13640
14178
14109
14004
13938
14080
14131
14756
14748
14307
14652
14987
14797
14765
16588
16237
15968
15298
15284
15126
15017
15429
15444
15484
16141
16031
16218
16579
16497
16328
16381
16706
16632
17477
17306
17147
17038
17232
17404
444114
273118
134274
39819
37295
23879
18540
17551
18287
18016
17755
17648
17722
17705
17888
17991
17959
17944
18118
18257
18398
18295
20795
19271
19252
18962
18839
18623
18661
18928
19180
19189
19250
20590
20380
20252
20211
19780
19544
19767
19892
20329
20286
20353
20439
20398
20470
20590
22499
21323
21255
21164
21200
21266
21779
21387
21472
21947
21965
22310
23249
23135
22892
22593
22825
22882
23036
23143
23144
23645
23381
23333
23263
23277
23354
23440
23701
23660
23803
24836
24477
24039
23985
23928
24319
24292
24470
24655
24620
24601
24630
24703
24834
26090
26085
26043
25065
26027
25548
25307
25180
25255
25536
25934
26082
35509
31473
31031
30630
29722
26153
26134
29074
27583
27225
26549
26355
26171
26432
27048
26555
26928
26851
26559
27042
27417
27300
27394
29008
28972
28091
27972
28901
28616
28148
28298
28190
28198
28538
28589
28706
29094
29563
29487
29818
30098
29956
30208
30122
30533
30237
30303
30254
30461
30303
30447
30308
30553
30972
30844
30977
31161
31050
31378
31260
31387
35232
32415
32029
32013
31711
31481
31578
31865
32027
32262
32118
32144
32170
34638
33389
32686
32670
32625
32914
32727
32716
32940
32921
33034
33165
33782
33720
33661
33401
33768
33913
34412
33998
33965
34275
34235
34416
34823
34715
34888
34880
35479
35304
35240
35435
35440
36126
35544
35510
35590
35572
36087
35980
35592
35719
36314
36294
36283
36259
36257
37279
36594
36480
37200
36879
37464
38368
37740
37466
37557
37741
38295
38109
38028
39421
39217
38867
38841
38815
38392
38408
39171
39300
39368
39397
39770
39474
71317
61040
47013
46413
46178
40468
39950
39855
40399
40335
40060
39952
39995
40183
45073
43999
42924
41597
40904
40667
40562
41117
41041
40914
41048
41294
41305
41500
41358
42265
42217
41999
41670
41920
41836
41740
41857
42048
42324
42278
42367
42904
42424
43101
42997
42985
43613
43264
43358
43294
43266
43832
43619
43672
44688
44592
44583
44514
44272
44444
44507
45056
44724
44816
45054
44835
45198
45401
45345
45429
45438
45431
45697
45664
45598
45946
46323
46215
46208
46402
46329
46452
46499
46965
51042
50476
47567
47386
47144
47018
47130
47246
47167
47350
47271
49750
47942
49582
49305
48849
48745
47969
48013
48347
48294
48602
48765
49213
49233
49283
49241
49347
49687
50463
50076
50055
50244
50240
50117
50478
50547
50764
50694
50624
50659
58861
53845
53547
52265
52238
51348
51073
51835
51382
51629
51545
51544
51404
51833
51993
51975
51844
51882
52034
52305
52276
53377
52762
52682
52651
52388
52619
53031
52948
52870
52970
53212
53279
53436
53747
53724
53711
53711
57251
54314
54248
53996
54783
54536
54524
54354
54461
54425
57227
55625
54883
55544
55188
56649
55914
55711
55649
55648
55673
55850
55964
55971
56485
56206
56053
56594
56674
56814
57157
57249
57871
57282
57340
57317
57619
57836
58825
58543
58241
57980
58270
58742
58583
58695
59150
58979
58994
60036
59986
59230
59573
59445
59396
59328
59427
59561
59755
59739
60006
60099
60409
60155
60720
60527
60503
60433
69619
62207
61871
61185
61055
61088
61181
61689
61587
61249
61357
65899
63367
63242
62975
62623
62413
62272
62479
62537
62641
62860
62807
62700
62738
63168
65727
64100
63443
63744
63566
63840
63944
64429
64396
64224
64216
64188
64173
64271
64252
64882
64633
64866
65125
65270
65140
65793
67051
66942
66333
66202
66131
65938
66145
66199
66161
66311
66423
66813
66717
66618
66939
66822
67538
67503
67463
67208
67140
67094
67435
67229
67527
69380
67975
67871
67695
67561
67710
67745
68416
68546
69054
68659
68583
68571
68668
68661
68741
69224
69058
69151
69573
69511
70800
69859
69659
69832
70252
69912
70222
70652
70604
71002
70926
70998
118788
90676
86722
76649
71967
71907
71777
71373
71474
75704
74364
72560
72176
72041
72022
72153
72338
74215
72974
72582
73394
73141
73218
73735
73503
73645
74838
74667
74584
74379
74745
75383
74853
75138
75465
75601
76622
75870
81671
78426
76747
78162
77212
76880
77008
76893
76974
77146
77068
78040
77272
77654
78248
81304
78498
79122
78577
78859
78710
78625
79009
78985
79136
79540
79186
79211
79293
79254
80932
80298
79849
79842
79596
79983
80516
80673
80601
81147
81369
81362
81600
86085
82444
82334
82001
81726
82311
82291
82134
82322
82742
82500
82624
82577
82577
83391
83271
82930
82902
82864
83346
85494
84792
84667
83904
83883
83429
84358
84067
84154
84348
84549
84476
84762
84829
84895
85151
85038
85234
85370
85638
85557
85686
85930
85924
86026
86314
86406
86546
86527
86474
90219
89597
88397
88172
86844
87571
86949
86878
86928
86909
87001
87385
87058
87504
88031
87727
88294
88975
88505
88482
88478
88504
88502
88591
88704
88784
89177
89163
89621
89827
89748
89897
90110
90050
90200
90165
90218
90564
90477
104493
101732
94099
92210
91136
91012
90852
90850
91088
91029
91199
91144
91279
92059
91807
91682
91487
92043
91839
91900
92023
93772
92679
92232
92313
92554
92578
92652
92853
92704
92702
93232
93730
93337
94283
94281
94192
94140
96141
95949
95796
95371
95080
94581
94569
94505
94784
94593
95145
95321
95566
95502
95468
95535
95664
95677
95774
95769
95838
95806
95950
96008
101167
98375
96175
97749
96540
96282
96355
96461
96690
96649
97014
96938
96975
97356
97122
97036
97512
97481
97633
97986
98106
98271
100242
98935
98800
98405
98745
98712
98582
98644
98807
98875
100190
99731
99253
99183
98975
99134
99677
99587
99516
99698
99820
99805
99750
99754
99967
99892
99927
99983
100056
100436
100889
100678
101106
101083
101087
101113
101240
101586
101354
104211
101949
101906
101781
101947
103932
103612
103487
101969
102446
103771
103931
104054
103961
104113
110619
105024
104789
104762
104578
104849
104867
104909
104967
104932
104984
110305
106689
106049
105987
105782
105639
105350
105739
105748
106534
106239
106142
106134
106371
106337
106615
106647
109869
107260
107144
107810
107649
107558
107272
107351
107804
107707
108079
107884
108218
108191
109392
108243
108583
108287
109219
109567
110030
109952
109973
110298
110296
110407
110523
113300
111638
111138
110859
110634
111077
110860
111582
111562
111498
111474
111173
111421
111432
111611
112346
112025
111718
111704
111778
112327
112794
112781
112622
112484
112571
112632
113026
112804
112984
112957
112816
118295
114560
114131
113583
113460
113442
113425
113353
113569
114011
114005
113807
113952
114008
114013
114142
114424
114455
114871
114751
114609
114603
114625
114816
115950
115889
115246
115187
115056
115787
115784
115298
115648
115869
118280
117373
116774
116280
117090
116870
117294
117490
117407
117486
117570
117532
118031
117804
118480
118755
118634
121534
119732
118996
118983
119612
119277
119345
119662
121349
119870
119836
121119
120557
120468
120341
120229
119940
120512
120783
121234
121207
121355
121465
121418
121379
121359
131718
124845
121718
121707
121544
122325
121925
121838
121741
121723
121867
122267
121966
121930
121940
122051
124739
124637
123974
123729
122443
122409
123275
122552
122776
122643
123323
123326
123424
123478
123544
123845
123779
123826
124506
124479
124124
124438
124245
124567
124554
127977
125432
125410
124898
125144
125041
125072
125209
127644
126806
126458
126242
125905
125534
125651
125622
125570
125557
125811
125849
126118
126199
126393
126317
126401
126591
127099
127082
127286
127141
127369
127301
127811
127726
127892
127823
130378
129099
128268
128234
129092
128430
128501
128552
128769
128840
128927
129134
129473
129134
129437
129284
129973
129529
129845
130171
130072
129976
131689
130528
130717
130874
130720
130864
130734
131066
130965
133005
132816
132547
132056
131822
132013
132022
132252
132237
132667
132558
133249
133011
133053
133424
133463
133737
133618
133602
134246
133744
133782
134211
134178
134220
189907
185180
137574
136199
134535
134456
135410
134586
135189
135017
134930
134689
134640
135546
136073
135570
135922
135823
136841
136220
136465
136418
136752
136486
136522
136684
136623
137145
136934
175492
152932
145573
138915
138801
138570
138227
137623
137583
138172
137927
138434
138775
138796
138806
143854
143209
140013
139286
139057
139702
139376
139359
139516
139653
139841
139763
139914
140892
140137
140079
140066
140731
140165
140395
140773
141140
141040
140943
142057
141706
141375
141863
141980
142744
142229
142161
142850
142771
142903
143643
143537
143820
145571
144330
144222
143967
143908
144074
144054
144252
144318
145389
144573
144394
144631
145368
150261
148586
147761
146900
146578
145982
145671
145598
145837
145972
146088
146299
146113
146236
146492
146684
146758
147742
146941
147479
147395
147119
146946
147147
147474
147416
147479
147684
147997
147783
148351
148091
148188
148348
148472
148433
150122
149707
148800
148645
149205
149362
149208
149217
149370
149921
150072
150176
150158
152719
151131
150921
150868
150324
150531
150383
150362
150972
152008
151135
151303
151541
151441
152051
152531
152488
152305
152261
152556
152869
153014
159446
154153
153927
153737
153242
153381
153459
153904
153801
154098
154073
153961
157300
154210
154312
157054
156656
155835
154596
154593
154344
154451
154506
155697
154870
154865
154888
155340
154961
155067
155178
155094
155203
155262
155797
156003
155863
156236
156011
156096
156413
156262
156376
156385
156631
156761
156723
156997
157105
157102
157157
157292
158641
157937
157708
157343
157300
157569
157462
157411
157378
157656
157880
158239
158020
157948
158034
158069
158227
158245
158258
159094
158899
158654
158931
167314
166364
161442
159793
159786
159750
160099
159821
160052
160014
159905
160965
160584
160402
160184
160542
160533
160630
160897
160860
161022
163333
161445
163316
162726
162670
162515
161974
161509
161892
161612
161766
162287
162407
162722
162698
163076
162972
163020
163176
163223
163220
163218
163235
164401
163511
163485
163417
163457
163488
164225
163728
163558
164214
163863
163978
164355
164283
164349
164715
164457
165870
164935
164823
164821
164773
165767
165007
164961
165716
165071
165742
166110
165990
165918
166069
166226
166270
167043
166431
166395
166403
166933
166726
166688
166820
167122
167114
167134
171770
170602
168421
167875
167610
167543
167386
167424
167607
167647
167739
167709
167695
167708
167998
168309
168234
168140
168332
168745
168541
168498
170222
169923
168925
168869
169416
169281
169168
169028
169012
169357
169402
169626
169920
170015
169936
170208
170167
170390
170556
170395
170560
170628
170608
171271
171133
170782
170871
170958
171222
171237
171730
171507
174727
173922
172375
172073
172056
173471
172544
172415
172473
173140
172660
173045
172871
172948
172902
173004
173145
173169
173695
173531
173550
173545
173697
174707
174397
174318
174095
173989
174363
174487
174687
175121
175027
174942
174800
174829
174925
174997
175482
175360
175369
182867
178868
175853
175736
175652
175664
177305
177131
176776
176445
176264
176394
176348
176539
176790
176779
176983
176820
177058
177084
177166
177291
178552
178258
178143
177336
177695
177961
177749
177997
178190
178355
178304
178557
179443
178931
179094
179054
179026
179260
179329
180274
180073
179586
179609
179877
180078
180599
180573
180363
180581
182604
182412
182315
182137
180730
180682
181578
180797
181477
181198
181853
181601
182019
181854
182394
182457
182474
182813
182770
184336
184033
183287
183199
183733
183628
183394
183384
183508
183456
183494
183517
183633
183927
184005
183995
184267
184065
184678
184423
184828
184776
184877
184854
184845
184846
187508
185868
185725
185692
185402
185825
186247
185912
186109
186226
186776
186768
186678
186505
186704
187360
187144
187004
186986
187209
187423
189899
187790
187636
187582
187546
187700
188248
188187
187960
188358
188354
189271
188664
188586
188720
189854
189797
189702
189827
225158
192125
190084
191749
190400
190181
190305
191739
191287
190688
190486
190897
191505
191295
192036
191994
191805
191916
192103
223289
201777
200006
193384
193148
192460
192169
192402
192243
192452
192641
192867
192665
192751
192903
192937
193351
193249
197930
196542
196540
196496
194033
193563
193461
193478
193711
193579
193890
193941
194603
194589
194231
194582
194315
195105
195135
195865
195433
195848
195598
195545
195649
195663
195700
196112
196056
196359
196538
197526
196923
196694
196719
196707
196751
197188
197111
197288
197310
197311
197455
197798
197795
198872
198276
198216
198028
198019
198242
198310
198490
198326
198615
198504
198573
198775
199101
198984
199291
199264
199349
199311
199758
199521
199378
200247
200192
200217
201686
201411
200649
200520
200517
201081
201170
201668
201643
202868
201901
201781
201879
202532
202200
202029
202861
202711
202811
208305
205833
204888
204441
204282
202973
202891
202951
203714
203363
203072
203197
203311
203596
203423
203658
204033
203991
203745
204293
204388
204739
204659
205338
205022
204939
205543
205548
207737
205860
206897
206057
205872
206730
206262
206320
206826
206839
207542
207403
208169
207755
207858
208261
208179
218250
213098
209500
209370
209298
208632
208460
208431
208421
208407
208840
208828
208683
209205
209084
208843
209173
209206
209303
209402
211593
209630
210730
210436
209704
210161
210026
209870
210316
210707
210842
210772
210800
211241
211102
211124
211550
211486
212822
212378
211970
211808
211606
211816
212645
212588
212401
212787
212902
214082
214036
213762
213140
213369
213285
213436
216564
216394
215510
215286
214936
214502
214393
214898
214637
215200
215118
215183
215240
215331
215638
216108
215825
215659
216099
216255
216530
216675
216564
216665
218101
217108
216859
216771
217382
217276
217348
217517
217421
217433
217807
217648
217601
218010
218031
218029
223060
221659
218655
218275
218416
218301
218635
218477
219626
219239
218763
219144
218868
219181
219214
219330
220316
220308
219638
219726
220250
220005
221397
220519
220481
220572
220544
221026
220818
220633
220591
221260
221084
221029
221146
221627
221561
221536
221418
221587
222737
221948
221872
221835
221948
222063
222647
222584
222428
222089
222501
222695
223282
223272
223233
223086
223312
224189
223501
224019
223573
223980
224946
224412
224395
224277
224789
224500
225044
224976
225096
234511
233965
233534
230670
228785
228649
228153
225606
225329
228143
227316
225771
225671
226590
225981
225814
226456
226267
227022
227014
226611
226774
227180
227885
227473
227579
227664
227722
228012
228107
228451
228272
228544
228537
228467
228666
228665
229774
229742
229398
229391
229389
228931
229518
229469
229447
229491
229552
230159
229869
229775
229962
229911
230416
230513
230591
233095
232111
231429
230989
230876
230946
230901
231217
231086
231398
231317
231300
232103
231651
231448
231464
231993
231748
231857
231824
231777
231962
232026
232748
232733
232448
232331
232438
232488
232811
232929
232890
232813
232841
233084
233012
232940
233073
233087
233378
233155
233676
233917
233893
233991
234478
234168
234063
234135
234223
235251
234892
234753
234967
235141
235037
248057
245744
239685
238562
237606
236370
235485
235868
236189
236482
236448
237566
237485
236741
236596
236517
236624
237506
238446
238421
238185
238102
237741
237823
238325
238401
239644
239475
238942
238736
238597
238729
238725
238626
239132
238971
239066
239175
239252
239234
239211
239265
239575
240224
239821
240214
239933
240014
243556
243172
241072
240907
240618
240247
240431
240382
240442
240677
240649
240706
241011
241028
241465
241077
242604
242323
241875
241779
241648
242249
241987
241998
242501
242348
242983
242741
242619
242926
243288
243281
243422
243372
243390
243525
243475
245497
243913
243780
243803
244077
243940
244828
244080
244773
244729
244656
244343
244847
244845
245152
245144
245270
245245
245384
245721
245580
245665
245656
247278
246848
246740
246281
245783
246738
246809
246808
246753
247079
247184
247201
247195
247371
247306
247718
247573
247597
247937
247774
247797
247826
247800
267657
252896
249961
248770
248607
248588
248449
248097
248612
249324
249305
248947
248942
248869
249169
249383
249379
249498
249436
249717
252276
250900
250716
250672
250388
250021
252183
251601
251457
251075
251443
251135
251736
251920
251802
252194
252638
252427
263856
258646
257270
254535
254088
253333
252976
253305
253291
253056
253153
253441
253393
253766
253552
254052
253955
253840
253792
254044
254296
254140
254187
254479
254332
255392
255363
254987
254858
254768
254605
254963
255194
257021
256780
255997
255674
255448
255891
255925
256438
256116
256350
256143
256257
256577
256690
256852
256953
257118
257060
257175
257809
257414
257775
257748
257746
258141
257866
257834
258025
257898
257985
258076
258086
258379
258243
258447
258579
263739
259775
259670
258752
259482
259068
259267
259197
260983
260290
260258
259882
260356
260946
263036
262162
261465
261362
261249
260995
261095
261348
261407
261424
262064
261906
261793
262298
262237
262825
262440
262528
262717
263561
263485
263286
263259
263483
263416
263824
266178
265968
264487
263973
263884
264123
264110
263982
264289
264158
264235
264235
264422
264762
264683
265535
265262
264969
264921
264796
264897
264987
265329
265262
265797
265784
265688
265869
267087
266185
266949
266570
266539
266996
267062
267032
267065
267529
267153
267298
267405
272542
269716
269074
267724
268011
267725
267920
267727
268486
268159
268021
268412
268209
268705
268616
268635
268867
268903
269214
269187
269405
269220
269370
269549
269459
269606
269702
271440
271429
271288
269777
269765
270042
269914
269815
271102
270522
270119
270972
270613
272339
272144
271690
271854
271796
271704
272537
272884
272764
272639
272593
272935
384514
366876
358882
315834
312177
291535
290764
276984
274173
273529
273422
273225
273474
273748
273591
273553
273678
273780
274163
274939
274330
274345
274661
274526
274605
274774
274663
274794
276404
276115
275257
275435
275322
275367
275566
276379
276246
276283
276638
276472
276691
285480
282970
279939
277106
277071
279080
277766
277591
277469
277300
277214
277169
277640
278089
277987
278035
278214
278113
278105
278260
278464
278342
278290
278892
279148
279683
279405
279281
279242
279200
279514
279497
279935
280223
280028
280026
280752
280294
280341
280427
280402
281968
281679
281109
280946
280768
280930
281008
281073
281223
281124
281606
281395
281643
281800
281896
282822
282580
282027
281997
282562
282473
282751
282607
282811
284399
284201
283255
283250
282972
284183
283610
283281
283394
283707
283650
284377
284386
284395
285381
285357
285039
284774
284603
285084
288245
287561
287233
286851
285635
285568
285569
286582
285732
286329
285814
285749
285756
286110
285890
285964
286425
286682
286706
286751
286993
287287
288038
287942
287618
287778
287883
288188
288124
289288
289149
288656
288335
288291
288301
288651
288420
288404
288503
288915
288717
288733
288930
289128
289092
289258
290294
290034
290165
290079
290300
290536
290311
290608
290686
291045
290943
290934
290883
291501
291198
291219
291484
291317
299290
297034
296918
294683
294053
292269
291846
292040
292182
292250
292655
292339
292579
292360
292459
292601
293478
293068
292790
292746
293219
293165
293080
293069
293407
293358
293708
294344
294248
294252
294264
294462
294445
294370
295529
295340
295279
294877
295292
296285
295733
295636
296443
296426
296694
296928
297733
297340
297093
297257
297188
297170
297202
297256
297563
297500
298673
298502
298386
297747
298028
298047
299102
298729
298945
298899
299147
299115
309681
304085
301330
300270
299340
299438
299366
299353
299433
299450
300132
299727
300100
300114
300267
301251
301034
300700
300590
301081
302126
302071
301816
301766
301469
301869
301837
302112
302074
303290
303029
302297
302129
302604
302526
302462
303187
303181
303041
304036
303678
303613
303434
303973
304172
304100
306829
306034
304746
304643
304318
304236
304186
304636
304414
304463
304561
305737
304950
304749
304771
305629
305355
305000
304991
305258
305165
305123
305239
305277
305399
305443
305493
305711
305651
305800
305767
305929
305838
305972
306216
306058
306122
306703
306453
306672
306478
306823
307068
306912
307713
307196
307187
307578
307896
308090
307985
307992
308052
308897
308435
308154
308721
308612
308689
308873
309532
309002
309329
309518
309348
309583
310225
310103
310010
310053
310066
310150
310112
310160
311965
311468
310817
310723
310538
310475
310399
310990
310960
311519
312066
313139
312253
312456
312440
313044
312631
312480
312516
312871
312870
312935
314302
313794
313673
313508
313308
313212
313641
313620
313789
314076
313993
314049
314187
314772
314304
314483
314507
315183
314900
314994
315521
315483
315480
315487
315752
315717
315656
315574
315598
315731
329018
324927
323123
321715
317799
317446
316917
316552
316111
315836
315871
316268
316532
316774
316582
317022
317066
317585
317780
317741
317655
319635
319473
318449
318102
317865
318054
318211
318132
318114
318385
319371
319109
318725
318887
318998
319297
319583
320015
319886
319717
320179
320051
320034
321594
320955
320953
320492
320469
320398
321045
321092
321273
321218
321262
321482
321686
322440
322076
321964
321772
321800
322408
322137
322117
322871
322747
324478
323295
323323
323749
323495
323468
324184
324381
324553
324902
326266
326236
325820
325078
325634
325561
325550
325734
325956
326146
326166
326261
326397
326367
327851
326654
326465
326464
326563
326896
326784
326746
326854
327120
326944
327478
327261
327647
327632
328867
328054
328271
328185
328781
342931
339417
337619
332337
330652
330346
329131
329043
329124
329929
329247
329173
329254
330325
330175
330459
330441
330532
330567
330593
332031
330992
330770
330743
331388
331145
331536
332045
332268
332116
332182
332272
337536
332843
332432
332386
332623
333749
333193
332909
333162
333075
332952
333465
333266
333295
335846
334829
334126
333848
334501
334142
334791
334857
335798
335674
335463
335090
335442
336176
335853
335998
336197
337312
336698
336434
336372
336981
336738
337069
337024
337131
337183
337319
337483
337376
337575
338406
337763
337981
337877
337863
337906
337917
338364
338349
338893
338488
338815
339203
339708
339600
339529
339580
339596
339667
339685
342325
342003
341499
339932
339855
340364
340068
340276
340529
341159
340954
341278
341367
341967
342264
342210
342619
342362
342464
342638
342731
342641
342838
351385
344340
344148
343811
343172
342950
343035
343165
343392
343347
343802
343632
343852
344163
344611
349467
344858
344806
346752
345162
345650
345591
345226
345171
345208
345616
346529
346175
346118
345856
345688
346047
346049
346173
346118
346878
347196
347043
346939
347066
347853
347399
347806
348394
347913
348237
348647
349226
348756
348866
349633
351116
350566
350333
349948
350995
350567
350737
350650
350589
350885
351166
351351
351275
355994
352543
351775
351590
351419
351611
352422
351851
352086
352422
355763
353877
352714
352670
352622
352959
352892
352889
352835
352731
352912
352953
353085
353057
353754
353445
353094
355330
354850
354313
353943
353931
354082
354018
354105
354090
354188
354738
354461
354360
354610
354524
354754
354821
354875
354962
355170
354996
355096
355433
355395
355353
355673
355617
355903
355847
357851
356696
356628
356597
356234
356526
356258
357217
357141
357726
357599
357335
357720
357816
358003
357919
358348
358206
358776
358427
365760
361520
359784
358901
359455
359201
359112
358979
359433
359684
359499
359688
360802
360039
359818
360018
360339
360291
360214
360183
360240
360271
360322
360633
360601
360391
361099
361012
360895
360937
361468
363066
362090
361878
361571
361529
361825
361958
361909
362026
362819
362576
362172
362335
362893
363055
365266
364280
363278
364063
363893
363560
363884
363563
364024
363948
364478
364553
364528
364596
364874
364684
364715
365112
365571
365438
365391
365480
365875
366601
366205
365947
366133
365965
366050
366014
366285
366222
366208
366250
366539
366753
378246
376326
373044
371626
368318
367854
367773
367064
367051
366934
367290
367125
367801
367781
368138
367941
367936
368114
368110
368043
368317
368540
368337
368320
368495
370133
369873
369585
369142
368769
368929
368880
369579
369611
369814
369701
370057
370041
370100
370115
371175
371157
370414
370230
370728
370646
370946
371233
371477
372934
371797
371671
371725
372045
372043
371919
372191
372906
372198
372776
373020
373461
373059
373407
373112
373630
373517
373573
375020
374737
374237
374082
374002
374223
374599
374725
374866
375553
375423
375168
376192
375982
375734
375614
375708
375973
376003
376006
376233
377268
377082
376721
376550
376716
376983
376777
376985
377247
377713
377704
377557
377532
377522
377533
378125
377904
377777
377790
378106
378132
379767
378886
378455
378333
378670
379231
379223
379111
379156
379412
379639
379532
384033
381488
381239
380973
380222
379971
379818
379877
379847
379851
379973
380847
380442
380245
380375
380832
381013
381439
381332
382214
381779
381552
381742
381600
381592
381761
381754
382096
381986
381790
383716
382470
382386
382833
382795
382773
382614
382522
382791
383505
383458
383146
383332
383444
383705
383863
383785
383916
384431
384250
384335
384459
434368
395710
390244
386009
385599
385203
384663
384621
384708
384701
384875
385166
385540
385214
385489
385755
385651
385638
385978
385844
385810
386809
386097
386542
386280
386235
386260
386334
386445
386620
386576
386706
388003
387095
387070
387057
386836
386935
387540
387294
387150
387202
387660
387616
387715
387885
389517
388889
388552
388125
388056
388372
388600
388597
388830
388780
388696
388838
389006
389001
388903
390066
389923
389572
389909
389886
389740
389768
390030
390112
393389
391236
390588
390542
390479
390382
390621
390882
390792
390666
391174
393325
391685
391333
391240
391582
391438
391551
391745
391719
392621
392026
391761
391999
391820
392147
392868
392788
392842
392997
393249
394967
394737
393753
394643
394151
394368
394805
394895
394933
394939
395391
395128
394973
395045
395340
395251
395172
395559
395487
395442
408878
397024
396098
395950
395804
396078
395960
395964
395970
396125
396275
396189
396193
396191
396553
396288
396284
396321
396469
396732
396602
396579
396666
396711
396784
396900
398588
397207
397064
397065
398523
397276
397938
397278
397477
397776
397716
397799
398160
397954
398305
398278
398268
398485
398475
398381
398545
402867
401977
399726
399128
399020
398851
399346
399409
399453
400414
400075
399840
400625
400462
401024
400916
400891
400630
401484
401282
401064
401174
401888
401724
401624
402504
402232
402172
402319
402415
402647
402523
402816
402696
402775
402830
404946
404016
403628
403546
403134
402897
403209
403953
403675
403866
403789
403891
403999
404661
404099
404223
404157
404549
404532
404290
404582
404935
404672
406399
405886
404997
404971
405523
405296
405383
406069
408803
407761
407149
406845
406557
406697
407043
407009
406898
406870
406867
406868
406894
407295
407173
407719
408283
408218
407921
408209
408247
408279
408312
408317
408654
408482
408478
408505
420183
416359
409593
409064
409057
408947
412280
410543
410367
410004
409870
410307
410195
410473
410470
410537
410507
410542
411947
410604
410576
410886
410657
410994
410920
410911
410930
411266
411133
411011
411630
411271
411657
412032
414972
414923
413107
412342
412884
413081
413427
413390
413437
414374
413895
413558
413451
414037
414002
414114
414062
414346
414340
414178
414641
414657
415789
415292
415225
415169
415187
415764
415452
415761
415657
415996
415918
416274
416053
416281
420056
417398
416956
416751
416945
417042
417028
417590
417554
417407
418353
417858
418044
417933
418230
418744
418737
418368
418591
418525
418472
419596
418858
419261
419017
419735
419648
422977
421237
421232
420501
420357
420233
420205
420218
420319
420479
420467
421157
420722
420546
421118
421496
421468
421340
421493
422473
421717
421572
421990
422417
422399
422756
422669
422915
422825
428982
426357
425677
424241
423159
423022
423068
423855
423473
423181
423770
423646
423718
423647
423851
424040
424975
424467
424362
424585
424565
424594
424636
424763
425063
424976
425276
425139
425072
425412
425480
425896
425699
426029
428024
426834
426532
427405
427355
426842
427130
427537
427520
427960
427756
427642
428440
428190
428821
428898
428939
429261
429039
429204
429357
431503
429531
429433
429497
429469
429513
429928
429796
429821
431276
429970
430829
430198
430186
430701
430220
430771
431006
431202
431431
431423
431993
431676
431527
431630
431704
431982
432357
432158
432137
432214
432730
432536
432645
433352
432941
432811
433079
432989
434061
433511
433437
433644
433606
434039
433770
433756
434013
433937
434362
442257
436145
435858
434368
434919
434755
434441
434598
434713
434861
434756
435375
435335
435287
435092
435535
435784
435963
435891
436125
435969
440852
437795
436406
436288
436161
436944
436796
436754
436596
436484
436758
437499
437281
436987
437458
439446
439092
438351
438231
437987
437925
438099
438759
438500
438387
438448
438612
438698
438827
439025
439223
439179
439259
439233
439316
440661
440554
439713
440014
442064
440936
441922
441742
441298
440979
441535
441960
442163
442472
442382
442339
442333
442366
442672
442616
442664
443593
443448
443368
442961
442708
442706
442847
443448
443838
443694
443837
444096
443905
837615
650378
614861
499689
488356
459478
449369
448215
446912
445035
444293
444119
444116
444850
444305
444497
444798
444730
444592
444673
444844
445012
446346
445700
445227
445982
445818
445773
445910
446136
446148
446565
446500
446499
446404
446599
446686
446667
447301
447191
446921
447101
446957
447262
447262
447324
447758
447502
447420
447609
447877
448040
448031
448163
448573
448568
448354
448398
449045
448824
449017
449366
459352
458537
452747
449816
449576
449446
449689
449908
449817
451543
450692
450651
450649
450648
450060
449985
449965
450356
450540
450671
451451
451434
451184
450710
452677
451636
451583
452021
452015
452072
452073
452612
452719
452678
452692
456600
453814
453164
453067
452804
452790
452913
452857
453543
453276
453230
453399
453621
454165
454048
454987
454632
454371
454242
454367
454389
454680
454900
455678
455522
455135
455029
455603
456588
456141
456113
455774
456519
456288
458463
456831
456728
456630
457043
456860
457039
457672
457158
457147
457545
457424
457424
457550
458151
457950
458154
458497
459264
458960
458654
458854
459194
458989
459398
475932
469651
464511
460404
459482
460008
459586
459844
459762
459734
459957
460308
460015
460109
460072
461501
461478
460838
460774
460731
460625
460561
460986
461427
461401
461310
460997
461471
461719
461703
463683
462880
461972
461784
461725
461815
461908
462216
462706
462498
462250
462759
463241
463046
463227
463076
463172
463228
463527
463399
463398
463359
463477
463493
464024
464030
464454
464132
464294
464183
466233
465539
465175
464645
464550
464574
464811
464784
464696
464781
465020
464965
464988
465145
465266
465333
465280
465312
466180
465706
465707
465811
466207
467066
466415
466350
466283
466377
467006
466999
466735
466487
466507
467052
468584
467989
467609
467452
467415
467608
467458
467764
467737
467753
467806
467970
467848
467966
468255
468050
468217
468292
468332
468305
468549
468489
469351
468777
468625
468951
468808
469203
469100
469310
469525
472051
471629
471394
471338
471246
469906
469779
469775
469895
470488
470279
470074
469913
470207
470316
470843
470699
470651
470494
470768
470956
471357
471349
471556
471443
471527
471498
471689
471671
471974
471917
472045
473452
473045
472943
472649
472126
472224
472347
472448
472900
473009
472984
472967
473030
473134
473087
473118
473230
475524
473704
473504
473616
473699
474566
474485
474483
473901
473820
473757
473808
473887
473853
473893
474452
474328
474351
474555
474858
474596
474632
474806
474830
475155
475036
474928
474880
474897
475049
475511
475502
475848
475594
484188
479948
479331
478594
477281
476562
476115
476031
476052
476437
476282
476415
476434
476526
476490
476890
476757
476953
476895
477047
477047
477437
477398
477557
477474
477458
478033
477850
477726
477679
477693
477799
477770
477845
477997
478025
478490
478218
478080
478072
478038
478150
478429
478544
478576
478902
478792
478709
478979
479314
479504
479450
479393
479673
479604
481408
480856
480684
480523
480283
480737
480799
481399
481325
481106
480858
480914
481366
481347
481375
483169
481597
481434
482762
481695
482503
481838
481768
481715
482385
482450
482585
483509
483500
483173
483398
483321
483898
483522
483511
483693
483975
484168
485326
484978
484951
484605
484451
484558
484620
484852
485062
485180
487378
486555
486171
485335
485462
487137
486749
486579
487035
487343
488136
487735
487490
487717
487530
487755
487853
488020
488180
488251
488183
496535
494696
493488
492873
491301
488947
488692
488475
490792
490210
489425
489075
489342
489816
489511
489901
489915
490476
490732
490479
490736
490972
490970
491216
490973
491289
491768
491316
491599
491543
491417
491430
491658
491617
492443
492178
492003
491990
491812
491884
491880
492278
492183
492299
493296
493282
493269
493198
492982
493333
494375
493526
494009
493669
493861
493674
493782
493909
494503
494446
494541
494640
495629
494809
494754
495099
494981
495101
496042
495767
495879
495821
495997
496051
496141
496088
496131
496483
496493
497075
496834
496802
496619
496879
497009
497074
497052
498884
497915
497486
497430
497124
497425
497617
497832
497749
497830
498155
498016
498013
498096
498624
498554
498224
498673
499134
499076
499150
499137
499147
499373
499325
499262
499180
499408
499632
499543
499424
499578
524515
510746
509831
506886
504326
503038
502115
501035
500665
499927
499769
499892
499809
499874
499919
500383
500242
500140
500360
500458
500781
500707
500864
501226
501046
501171
501064
501886
501556
501469
501768
501650
502041
502583
502310
502382
502579
502488
502623
503109
503041
503080
503222
503169
504066
503532
503291
503285
503879
503711
503813
503946
504137
505558
505215
504740
504442
504731
504711
504702
504917
504972
505286
505228
505285
505278
506767
506722
505638
505892
505820
505778
506672
506669
506125
505969
506567
506134
506680
506837
509581
507089
507043
506985
507073
507077
507485
507235
507313
507333
509572
507767
507637
507509
507729
507801
508466
508249
508041
507917
508370
508407
509242
508692
508517
508934
509171
509192
509497
509820
510093
510498
510417
510114
510645
510585
520965
511269
510973
510898
510822
511172
520780
520574
516958
512144
511766
511353
511326
511341
511339
511678
512073
511770
511996
516570
515514
515022
513778
513340
512405
512337
513131
512480
512416
512470
512859
512849
512558
512874
512925
513178
513204
513478
513373
513404
513470
513756
513511
514082
513955
513831
513884
514047
514486
514459
514932
515277
515126
515495
515447
516495
516027
515814
516111
516108
516466
516316
516287
516226
516544
516865
520196
518791
518661
517558
517417
517306
517025
517194
517374
517342
517465
517418
517525
518403
518119
517563
517993
517650
518228
518213
518151
518339
518379
518417
518757
518678
519695
519652
519002
518864
518957
518928
519369
519777
519759
520037
520445
520200
520290
520223
520340
520618
520909
520853
521466
521099
521184
521229
521330
524220
523693
522811
522469
522212
522026
521904
521610
522203
522121
522314
522437
522608
522928
522912
523399
522965
523395
524065
523862
523695
523974
524103
524078
524198
524514
599631
584959
544143
540095
532527
529808
526788
526551
524678
524552
524655
525438
525365
524919
524752
524739
525307
525325
525822
525540
525817
525563
525795
525567
525617
525952
526476
526777
527138
526855
527075
529617
528854
528000
527971
527272
527698
527651
527387
527468
527884
528242
528451
528809
528823
528911
528889
528907
529053
528912
529248
529302
529659
529792
529716
530702
530476
530187
530170
530135
530348
530622
530483
530603
530568
531868
531706
531291
530807
530758
530733
531185
531148
531044
530995
531170
531275
531201
531691
531365
531651
531586
531852
531972
532269
532115
534253
532857
532587
532565
533064
532936
533941
533887
533127
533795
533537
533389
533696
533737
534142
534244
539413
534643
534411
534354
534275
534365
534506
534499
534440
534454
534638
538421
538186
536686
535571
535272
534958
534776
535164
535515
535467
536029
535893
535574
535767
536520
536245
536421
536654
536623
537283
536974
536851
537129
537074
537185
537180
537883
537542
537467
537765
537629
538001
537892
538025
538286
538230
538232
538509
538866
538771
539301
539148
540081
539993
539828
539626
539534
539577
539913
542121
540603
540476
540439
540239
540269
540476
540517
540505
542074
540986
540970
540733
540670
541433
541266
541173
541371
541507
541727
541644
542080
542521
542139
542506
542314
542235
542491
542541
542847
542683
542674
542809
544019
543578
542977
542862
543068
543083
543072
543469
543579
543744
568496
548966
547535
545120
544428
544287
545053
544673
544498
544823
544728
544899
545014
545910
545434
545300
545207
545319
545484
545465
545453
545574
545893
547434
547078
545970
546198
546194
546428
546354
546464
547263
547201
547427
547520
547466
547737
547674
547663
547787
548439
548323
547888
547788
548209
548141
548125
548009
548041
548192
548745
548659
550647
549978
549502
549041
549260
549459
549388
549930
550291
550272
550620
554714
551978
551734
551279
550918
550768
550727
551122
551922
551898
551786
551855
551907
551901
551907
554515
552501
552323
552181
552260
552324
552347
552393
552426
552620
552533
552650
554386
553842
553422
553105
553594
553723
554330
554377
554510
560024
554935
554889
554870
554816
556455
555176
555124
555030
555234
555976
555937
555377
555645
555738
556344
557977
556765
556742
556531
556485
556564
557859
557107
556773
557139
557129
557300
557183
557373
557919
559629
558275
557983
557987
558852
558709
558304
558821
559073
559467
559621
559689
568166
564660
564315
561985
560448
560048
560106
560075
560676
560449
560772
560705
561248
560832
561933
562492
562472
562388
563490
562730
562508
562710
562582
562987
562812
562851
562884
562924
563349
563078
563918
563645
563608
563864
563849
563708
563987
564398
565644
565614
565135
564920
564786
564663
564714
564879
564907
565132
565582
565199
565135
565548
565530
565237
565702
566562
566464
565786
565832
566276
566267
566323
566296
567601
567325
566830
566684
566704
567126
567103
566927
567139
567551
567396
567385
567412
567601
567854
568368
583530
583171
573884
573374
571906
570685
570141
570052
569538
569152
568563
568500
568562
568880
568717
568804
569147
568988
569031
568995
569266
569205
569414
569341
569288
569315
569480
569878
569631
570260
570253
570268
570499
570271
570380
570967
570887
570960
571640
571527
570982
571459
571821
571791
572161
572160
572153
572123
572146
573260
572897
572402
572432
573147
572977
573189
573368
573364
573424
582494
581330
578037
574395
574223
573969
574073
576436
575060
574682
574521
574469
574632
574581
574523
575052
574807
574740
574790
574921
576059
575259
575117
576007
575486
575418
575969
575603
575797
575727
576029
576314
576089
576538
576523
576520
577153
576713
576638
576592
576659
576991
576934
577096
577106
577542
577510
577172
577450
577357
577204
577679
577546
577918
577905
577787
577834
577818
580235
579994
578516
578309
578092
578351
578491
579223
578581
578972
578704
578748
579067
579418
579370
579648
579509
579851
579921
580232
580072
580568
580352
580630
580866
580746
580766
580847
581248
580936
580980
581211
581015
582051
581745
581445
581434
581583
581681
581839
582273
582214
582553
582675
583145
582894
583132
583401
583346
583476
583927
583808
583725
583901
584137
584281
584263
584938
584442
584572
585896
585003
584990
584997
585647
585140
585088
585272
585558
585708
585767
588891
586871
586664
586364
585969
586396
586733
586799
586762
588336
587600
587333
587450
587420
587341
587376
587483
587596
587993
587899
588148
588440
588723
588649
588596
588511
588615
588709
588802
588804
590297
589049
588922
589247
589074
589646
589269
590094
589681
589681
590251
590851
590638
590569
590816
590760
599276
596506
595211
591914
591780
590880
591627
591300
590973
591072
591654
591822
593119
592298
592092
592214
592250
592832
592828
592484
592685
592517
592540
592657
592780
592789
593103
593251
595180
593658
593396
593629
593564
594957
594007
593856
593850
593921
594467
594412
595512
595489
595460
596163
595824
595607
595946
595910
596102
596306
596262
596350
596353
596397
596496
597889
597038
596957
596861
596948
597619
597094
597163
597514
597386
597370
597524
597658
597668
598569
598349
598203
598105
597959
598443
598396
598439
598616
598611
598766
598978
599270
599122
599290
599418
599563
611236
604392
600718
599936
599674
600659
600392
600166
600200
600652
601746
601170
601100
600734
600952
600949
601090
600974
601131
601159
601638
601561
601649
603453
602728
602242
602136
601791
601959
601916
601922
602218
602428
602325
602621
602446
603301
602892
603047
603369
603805
604208
603836
604089
603860
604224
604383
610939
608602
607530
606950
605376
604707
604671
604635
604420
604405
604566
605209
604746
604903
604752
605009
605171
605349
606306
605773
605513
605543
605755
605801
606012
605822
606019
606351
606434
606878
607525
607224
607383
607967
607730
607579
608514
608330
609442
609033
608930
609241
609138
609160
609170
609295
610106
609697
609477
610091
610027
610477
610353
610255
610240
610302
610383
610657
610588
610486
610485
610478
610481
610633
610723
610702
610775
610938
611150
611745
611680
611286
611387
611666
611686
611681
612747
611988
611822
611789
611955
611876
611985
612362
612231
612080
612071
612152
612136
612083
612282
612280
612586
612555
612607
612987
612859
612914
613827
613136
613226
613465
613286
613494
614063
613829
613943
614585
614469
614377
614236
614152
614243
620889
615369
615318
615301
614983
615012
618543
617359
616885
615873
615577
615376
615812
615802
615833
615860
616030
615891
615883
616100
616151
616132
616106
616755
616717
616372
616428
616815
617253
617235
616983
617074
617148
617346
617714
617426
617697
617547
618022
617755
617736
617902
617806
618021
617987
617903
617946
618457
618222
618335
619865
619075
618959
618723
618650
618789
619299
619259
619219
619810
619478
619372
620410
619878
620396
620219
620002
620835
620436
620413
620588
620784
620724
639478
629817
628921
623608
623289
620960
621600
621476
621130
621931
621875
622878
622117
623252
623192
623215
623544
623502
623507
623969
623653
623945
628639
625558
624265
623991
624688
624318
624289
624525
624416
624582
625317
625054
625188
625181
625481
628098
626970
625694
626785
626434
625750
626176
625771
625781
625863
625959
626341
626629
626525
626552
626685
626670
626696
626685
627812
627695
627001
627428
627361
627048
627507
627739
627763
628421
628556
628473
628862
628724
628896
629531
629181
629133
629081
629400
630563
630047
629832
629937
629935
630313
630151
630060
630324
630554
638866
633168
631337
630697
630617
630654
630932
631403
631370
631397
632263
632156
631902
631554
631441
631547
631546
631578
631723
631664
632011
632207
632538
632697
632552
633149
632951
632915
633016
633550
633456
633244
636474
635311
633812
633783
634496
633813
634319
633955
634954
634536
634819
634760
634703
634606
634759
634981
635056
636267
636139
635847
635639
635829
635699
635853
635941
636060
636081
636154
636166
636241
636244
638499
637420
636517
637397
637336
637556
637906
637692
638056
638449
638187
638487
638788
638715
638643
638813
639357
639176
639150
650138
641301
640301
639536
639821
639683
639900
639834
640222
639946
639940
640263
641221
640420
640956
640552
640529
640613
641198
641224
641881
641347
641707
641447
641370
641417
641420
641473
641682
641603
641541
641859
641804
643856
643427
642544
642186
641983
642454
642450
642452
643211
643122
642662
642565
642630
642842
643019
643200
643806
643501
646391
645131
644439
643975
643860
644386
644240
644261
644393
644416
644761
644468
644698
644584
645091
645065
645331
645220
645170
645325
645309
645433
645844
645436
645674
645556
646127
646125
646087
645871
646174
647978
647019
646839
646552
646669
646844
647016
646972
647869
647181
647465
647372
647782
647708
647680
647794
647938
647898
647924
649201
648834
648102
648093
649007
649067
649072
649528
649750
649562
649868
649785
649847
650311
656171
652237
651118
651102
651078
650772
650580
650926
650859
650938
651193
651119
652021
651961
651377
651919
652113
652068
653985
652696
652540
652301
652430
652364
652407
652402
652609
653452
653328
652995
652772
652914
652846
652879
653500
653540
653840
653599
656134
655746
654093
654195
654577
654360
654371
654389
654576
655523
654796
654789
654615
654961
655202
655367
655519
655536
655527
655541
655668
655600
656058
655952
655945
656039
656081
656150
814412
802995
741350
667858
661765
661594
660858
656423
656400
656183
656292
656281
656370
660317
656432
659495
658587
658113
656907
656447
657866
656985
657505
657887
657956
658517
658300
658187
658251
658234
659180
659039
659311
659303
660135
659959
659752
659878
660082
660210
660783
660425
660487
660469
660690
661016
660888
661332
661272
661245
661149
661092
661038
661233
661182
661563
661689
661694
661812
667553
664118
663524
663244
662556
662320
662197
662180
661904
661830
662357
662360
663043
662587
663116
663058
663104
663461
663400
663258
663556
663806
663764
663571
663784
663987
664017
666387
664521
665177
664977
664578
664724
664699
666264
666238
665293
665207
665952
665923
665780
665325
665339
665412
665444
667376
666685
666636
666560
666997
666780
666997
667211
667336
667827
667723
727218
687532
687437
682259
681738
680214
680068
670880
670585
668959
668487
668097
667989
668050
668310
668441
668401
668817
668736
668494
668768
668836
668861
668896
669618
669540
669189
669612
670559
669760
669987
670051
670112
670850
670681
679452
679022
674454
672289
671583
671202
670971
671531
671244
671530
671444
671531
671948
671774
671654
671663
671713
672009
672147
672195
674112
673419
672976
672431
672734
672733
672529
672483
672705
672810
672780
672785
672835
673267
673045
673498
673518
673689
673720
673759
674148
674281
675014
674556
674627
674614
678841
676778
675322
675190
675329
675322
676726
675881
675786
676182
675882
676703
676255
676336
676268
676263
676586
678656
677951
677727
676830
677360
677223
677134
677114
676846
677280
677883
677776
677850
677829
677933
678394
678142
678136
678159
678454
678795
678906
678897
678913
679100
679858
679609
679488
679872
679999
679985
679931
680005
680130
680118
680134
680145
681350
681262
680250
680231
681199
680778
680523
680415
680275
680381
680880
681112
681491
681401
681478
681735
682081
681932
682237
682120
682114
685322
683627
683532
682611
682371
682330
682301
682332
682604
682509
683314
683153
682891
682675
682858
682794
683401
683445
684529
684109
684057
683836
684217
684118
684179
684261
684456
685039
684746
687317
685464
685390
687077
686475
686029
685820
685525
685576
685867
686023
686339
686247
686470
686513
686763
686703
686684
686906
686831
687102
687202
687140
687348
687335
687367
687450
687454
713692
711608
700102
688504
688219
687707
687646
687540
688170
688338
688340
698197
689573
689346
688762
688637
689125
689514
689461
689434
689411
696185
691666
690191
689637
689923
689675
689865
690025
691507
690487
690219
690238
690948
690962
690970
691150
691646
694419
691882
691693
693656
693584
693368
692150
693095
692870
692754
692744
693048
692963
693279
693144
693390
693580
693496
693503
693605
693605
693672
694407
694305
693791
693716
693675
694268
694104
695611
694962
694636
694624
694718
694721
695164
695008
694973
694964
695149
695543
695197
695465
695590
696036
695813
695857
695814
696000
697760
696414
696426
696693
696433
696998
696777
697173
697045
697265
697191
697186
697842
698026
697875
698557
698264
698225
699837
698975
698559
698822
699501
699250
699066
699094
699424
699306
699803
699529
699740
699699
700014
711083
703230
701773
700718
700314
700400
700713
700640
701045
700975
700756
700987
701002
701031
701005
701365
701207
701091
701130
701568
701707
702894
702394
701861
701834
701778
701910
702595
702565
702502
702473
702753
703068
702921
703183
706307
704750
704143
703404
703263
703804
703604
703444
703599
703683
703929
703881
703851
704118
704110
704087
704319
704152
704185
704396
704358
704701
706072
705693
704794
704872
704842
705074
704993
704981
704894
705121
705353
705284
705143
705175
705716
705820
705903
705987
706087
706187
706101
706271
710476
709932
708205
706644
706523
706505
706374
706425
706429
708070
706945
706749
706917
706842
707530
707421
708049
707534
707739
707716
707601
708170
709605
708701
708507
708335
708224
708336
708452
708695
708590
708563
709529
709355
709351
708733
709032
709383
709804
709622
709931
710415
710087
709934
710066
710035
710178
710171
710152
710126
710352
710399
710409
710527
710510
710555
711475
711213
711421
711500
713513
712465
711624
712427
711829
711815
711674
711792
712322
711881
711970
712191
712202
712223
712437
713372
713118
713029
712544
712524
713059
713332
713462
713440
718302
716622
715010
714296
713799
714062
713984
714193
714832
714542
714817
714605
715953
715816
715477
715480
715695
715883
715818
716112
716307
716136
717853
717349
716709
716671
716700
716903
716891
716726
717224
717183
717322
717233
717524
717423
717589
718160
717863
717927
717959
718214
718200
718189
721875
718794
718461
718442
718424
718405
718388
718671
720870
720650
720563
720449
718809
719781
718871
718871
719495
719249
719501
719826
719925
720773
720748
720785
721464
721439
721006
720877
720904
721028
721835
721595
721767
721795
725116
722950
722740
722148
721983
722536
722367
723110
724416
723173
723366
723189
723246
723824
723447
723418
723635
723593
724020
724015
724361
724816
724590
724892
726139
725154
725124
725895
725662
726055
726704
726262
726181
726369
726963
726732
727006
726964
727005
727153
732374
728847
727987
727643
727276
727382
727902
727790
727865
728192
728094
728006
728342
728262
728460
731300
730667
729808
729180
729170
729145
728926
729090
729300
729193
729509
729560
729807
730466
730392
730203
730357
730507
730488
731243
730863
730991
730954
731201
731086
731257
731514
731402
731387
731370
731417
731862
731603
731561
732229
732018
732268
734073
732918
732717
732468
732577
732777
732914
732797
732817
733142
733981
733340
733879
733759
733683
733573
733843
733985
734231
734108
736164
735151
734835
734462
734553
734624
735106
734956
736014
735855
735487
735564
735550
735809
735749
735917
735886
736132
736125
736112
736139
736514
736305
736242
740502
737383
737148
736534
736681
737265
737208
737185
737273
737306
737328
738099
738009
737741
737385
737949
737926
737966
739185
738969
738800
738128
738203
738163
738623
738539
738913
739319
739758
739588
739539
739499
739732
739680
740262
739953
739805
739968
740436
740317
741248
740612
740561
740951
740905
740857
740615
740999
741284
788496
787921
758802
749696
747782
745287
743351
742931
742487
741784
742279
742251
742094
741888
741982
741899
742083
742022
742115
742099
742442
742523
742567
742620
743165
742977
742976
743048
743309
743538
743396
743464
744544
743599
743717
743903
743858
745181
744615
747252
745867
745833
745320
746942
746527
746450
746450
746549
746681
746603
746663
746617
747089
747008
747259
747379
747303
747550
747745
749673
748852
748156
748513
748475
748290
748600
749392
749053
749238
749228
749526
749480
749478
749648
749606
749682
755754
751560
749899
751461
750696
750305
750042
749940
750430
750680
750673
750953
751259
751038
751000
751291
754386
751968
751796
751899
751851
754182
753970
752709
752409
752209
752265
752594
752739
752730
752938
753563
754036
754142
754277
754210
755208
754967
754585
754832
754901
755045
755122
755376
755345
755461
755413
757402
757006
756090
756037
755930
756671
756417
756379
756222
756442
757240
757167
757192
757275
757383
758062
757949
757588
757485
757521
757910
757906
757764
757966
758349
758272
758180
758334
758743
758382
785341
780333
780026
766046
760803
760754
758968
758858
758940
758910
759218
759847
759441
759714
759452
759690
759542
760283
759950
760312
760609
760532
764476
761574
760910
761088
761538
761127
764435
763855
762107
761667
761662
761854
762056
762179
763171
763081
762765
762604
762653
762641
763102
763111
763416
763313
763257
763382
763745
763619
763565
763605
763706
763948
764343
764334
763996
764454
765351
765226
764514
764510
765233
765925
765414
765705
765538
765605
765999
779174
774467
771695
768032
767350
766711
766055
766207
766511
767087
767320
767379
767680
767435
767443
767981
771210
770696
769295
768766
768537
768522
768161
768857
769051
768916
769093
769135
769750
769659
769885
769867
769810
770203
769978
769894
769949
770658
770430
770765
771115
770820
771184
771652
771381
771324
771210
771269
771355
771589
773627
772535
772225
772903
772837
772685
773615
773435
774349
774330
774249
773648
774119
774068
777154
777117
776062
775528
774688
774484
774554
774992
774810
775076
775202
775475
775213
775219
775959
775690
775797
776754
776420
776321
776320
776271
776262
776425
776605
776522
776754
776911
776908
776974
777097
777130
778761
777467
777371
777339
777311
778591
777705
777855
777803
777867
778583
778345
778572
778893
778770
778914
779097
779397
779180
779666
779563
779759
779957
780144
782725
780484
780448
780919
780501
780686
780593
780546
780617
780843
781056
781000
782581
782196
781764
781668
781507
781927
781919
781845
782047
782415
782670
783512
783121
782965
782800
783149
783307
783318
783508
785106
783619
783618
783610
783555
785005
784376
784292
784299
784805
784699
784560
785319
785289
787329
785544
785399
785399
787002
786721
786393
786012
785613
786065
786641
786912
787000
787132
787086
787110
787317
787357
787334
787635
787544
787486
788267
788210
788479
799338
789779
789570
788922
788723
788566
788563
788722
788626
788874
788748
788777
789444
789064
789567
791561
790088
790000
789866
789896
790037
791016
790389
790145
790448
790528
790507
790807
790619
790780
790682
790929
791530
797013
792005
791770
791669
791947
796172
792133
792063
792013
793703
792605
792492
792276
792178
792731
793690
793233
793348
793451
794244
793994
793892
794199
795353
795142
795055
794607
794421
794562
794594
794767
794931
795089
795831
795827
795756
795660
795778
795854
796972
796483
796455
796186
796473
796702
796644
796575
796688
796668
796930
796800
796818
796934
797993
797949
797278
797238
797086
797109
797559
797507
797484
797510
797664
797585
798854
798293
798061
799020
798907
798873
798859
799003
799244
801306
799401
799360
801157
800101
799571
799627
799606
799943
799942
799640
800168
800149
800353
800308
800234
801019
800566
801227
802364
801874
801508
801491
801437
801374
801668
802154
802143
802231
802452
802589
802842
802612
802736
802895
810235
803271
803107
803151
803108
803107
808381
808227
805525
805234
803922
803803
803330
803423
805120
804221
803925
804612
804310
804349
804575
804953
804832
804882
804863
805186
805419
805346
805455
805453
805995
805539
805755
805748
805919
805801
806508
806184
806017
807805
806685
807122
806851
806744
807502
807250
807451
808051
808169
808098
809492
808814
808805
808719
808481
809451
809246
809176
808924
809003
808962
809908
809778
809902
809823
810189
810117
810046
809927
812518
810664
810572
810484
810369
810538
811593
811130
810797
810846
810815
811020
810970
811104
811373
811330
811308
812249
811634
811977
811646
812013
812391
813754
813717
812927
812680
812635
812770
813182
813139
813051
813702
813514
813340
813355
813576
813721
813876
813804
813994
813888
814186
831286
823041
821427
817345
817243
816225
815324
815148
814936
814427
815149
815783
815637
816186
815955
816105
816620
816935
817222
818505
818139
817780
817652
817567
817421
817370
817725
817657
817691
818038
817936
817989
818149
818210
818453
820934
820719
819620
819473
818791
818587
818614
819375
819278
819055
819143
819181
819325
819463
819438
819534
819484
819532
820256
820091
819987
819869
819822
820706
820266
820485
820752
821044
821023
820956
822156
821451
821514
822261
822590
822567
822438
822294
822902
822640
822611
822755
822992
822973
823002
823003
824915
823689
823171
823361
823437
823557
823699
823954
823901
823856
823835
823899
824810
824288
824162
824083
824101
824443
824290
824298
824546
829436
825493
825030
824928
825179
825183
829003
827843
825753
825646
825494
826073
826038
826671
826223
826164
826511
826441
826377
826503
826982
826863
827682
827309
827629
827525
827668
827807
828045
828029
827982
828165
828133
828154
828355
828234
828831
828401
828656
828619
828448
828621
828859
829112
829226
829181
830445
830087
829896
829868
829488
829590
829899
830246
830255
831265
831204
830627
831027
830657
835275
833848
831498
831294
831384
831356
833220
832341
831620
831644
831770
831727
832328
831850
832031
831906
833011
832345
832408
832362
832823
833078
833504
833501
833526
833511
833681
834888
834295
833907
833881
833954
833964
834143
834061
834317
834354
834329
834838
834539
834780
835030
834903
836324
836117
836097
835501
835339
835288
835287
835393
835455
835634
835810
835875
836094
836114
836149
836146
836136
836880
836350
836364
836415
837420
837308
837144
837162
837450
869287
855231
841396
839003
838629
838622
838362
837699
838230
838171
838027
838698
838639
838799
840520
839160
839072
839273
839202
839249
839230
839900
839589
839556
839552
839372
839747
839676
839654
840361
840360
840239
840030
840214
840351
840391
841308
840907
840896
840964
841138
841254
841301
846173
842816
842579
842153
842141
841752
841467
841603
842019
842022
842175
842166
842400
842236
842739
843746
843286
842820
843039
842934
842956
843260
843050
843588
845478
843884
845164
844332
844304
843954
844306
844558
844544
844598
844628
844765
845135
845192
845412
845211
845765
845612
845519
845654
845720
845813
846148
846088
845941
845978
846093
846163
849901
847431
846244
846214
846236
846864
846588
846767
847188
847031
846952
847232
847243
847363
847386
849585
848166
847796
847676
847587
847571
848005
847960
847806
848061
849127
848732
848299
848471
848375
848678
848533
849080
848799
848821
848886
849112
849145
849782
849708
849800
849797
849858
850399
850224
850161
850095
850056
850100
850269
850253
850254
850312
854146
850947
850819
850758
850407
850494
850899
850861
850912
852594
851134
851095
851118
851693
851525
851489
851466
851526
852419
852100
851733
851871
852143
852180
852259
852624
853601
852714
853578
853262
853031
853485
854102
854397
854335
854173
854880
854653
854563
854480
854614
855223
855176
854995
855120
855909
855412
855409
855553
855513
855431
855553
855812
855583
864649
859551
858743
856562
856021
855966
856514
858668
858025
857019
856984
856694
856737
857248
857208
857040
857546
857362
857717
858099
858611
858410
858153
858225
858607
859161
858952
860321
860312
859957
860991
860639
860549
860516
860743
860707
861788
860999
861246
861712
861513
863342
863012
862721
861983
862252
862051
862332
862346
863801
863427
863644
863567
863578
864100
864016
864083
864058
864582
864450
864355
869284
868693
867910
864792
864685
866263
865037
865027
865061
865620
865310
865351
865891
865764
865997
866183
866059
867868
867351
866348
866347
867203
867071
866544
866451
866366
866739
866555
867275
867560
867418
867575
867718
867627
867796
867890
867946
868458
868257
868190
867954
868338
868473
868687
868815
868728
869140
893766
892637
887754
879645
874935
870169
870058
869394
869340
869331
869306
869290
869310
869936
869512
869579
869546
869920
869581
869688
870081
870100
871678
870857
870371
870356
870312
870313
870520
871285
871192
870963
871035
871492
871588
874288
873252
872098
871933
871912
871696
872044
872529
872501
872153
872101
872433
872366
872308
872224
872432
872372
872460
872506
872520
872869
873043
873059
873385
873269
873284
873530
873472
873521
873973
873801
873548
873628
874284
874002
874042
874394
874420
874660
874554
874498
874914
879168
878449
877156
876413
875934
875529
875291
875162
875349
875402
875387
875757
875672
876369
876359
875963
876300
876399
876635
876585
876486
876547
876757
876664
876783
876764
877036
877636
877174
877194
877255
877231
877222
877294
878377
877934
877720
878114
877960
878367
878667
878483
879035
878799
878712
878847
879098
879123
879114
879164
879291
879190
879418
879644
879459
884830
883122
882703
879656
880370
879733
880206
879884
881475
880407
881062
880874
880453
880651
881432
881428
881146
881088
882297
882066
881569
882090
882169
882562
882371
882735
884330
884209
883534
883282
883133
883336
884144
883893
884566
884533
884537
884553
884727
884596
884731
885071
885012
885216
885105
886661
885834
885319
885510
885358
885701
886024
885876
886399
886293
886244
886034
886560
887712
887695
887267
886848
886712
886820
887195
887189
887593
887427
887689
890707
890194
890010
888565
888254
888116
887996
888180
888146
888206
888223
888512
889228
888895
888830
888664
888634
888867
888929
888916
889045
889041
889184
889095
889549
889267
889334
889324
889989
889986
889679
889584
889951
890122
890102
890330
890401
890847
892231
891818
890886
891807
891583
891127
891010
891345
892118
891918
892541
892523
892628
893066
892773
892734
892757
892984
892955
892926
892992
893150
893309
893293
893493
893344
893644
903718
895027
894850
894550
893977
893839
893870
894190
894019
894076
894090
894348
894201
894341
894960
894865
899530
897160
896308
895395
895226
895092
895247
895542
895769
895725
896146
895877
896550
896316
896541
896369
896745
896585
897009
897385
897905
897892
897731
897451
897444
897503
897842
898631
898125
898033
898006
898010
898056
898576
898517
898431
898409
899070
898958
898960
899303
899175
903021
902829
900003
899804
899654
899539
899724
899671
899792
899889
899847
899815
899959
900863
900489
900266
900187
900249
900267
900678
900683
900710
901210
900960
900921
900863
901985
901864
901718
901424
901300
901236
901686
901636
901528
901828
901950
901924
902219
902344
902723
902388
902602
902747
902908
902868
902986
902962
902911
903303
903304
904480
903935
903749
903904
904024
903946
904014
904449
904113
904091
904392
904364
904216
904192
904206
904478
905019
904567
904545
904547
904926
904878
904819
904894
904912
905018
905405
905333
905099
905309
905397
905806
905677
905465
905597
905576
905565
966920
936669
913281
906968
906133
905973
905927
906463
906297
906157
906220
906419
906635
906708
906890
908765
907238
907391
907324
907406
907507
908052
907892
907811
908097
908091
908175
912100
909042
908984
908832
909509
909147
909356
909258
909158
909166
909417
911046
910932
910464
909511
910357
910575
910516
910561
910604
910766
911035
910988
910986
911457
911053
911120
911322
911247
911930
911495
912021
912874
912408
912395
912589
912554
912486
912474
912826
913121
913107
912994
912956
913167
913166
913180
915211
914870
914185
914092
913344
913293
913309
913562
913655
913649
914089
914252
914187
914585
914464
914324
914351
914353
914380
914471
914634
914766
914781
915045
914890
914961
926899
925795
917504
917237
916944
915315
915231
916789
916508
916466
916432
916288
916143
916094
915321
915773
915542
916257
916478
916683
916633
916765
916804
917077
917398
917425
922088
919070
918162
917786
917708
917629
917770
918095
917993
918047
918246
918237
918185
918630
918513
919068
918869
919036
919131
920063
919580
919494
919413
919361
919134
919420
919437
919515
919525
920024
919813
919609
919726
919702
919634
919871
920014
919958
921329
921021
920538
920547
921014
921299
921149
921061
921168
921544
921521
921469
921384
922080
921778
921756
921645
921948
922089
922139
924316
923842
923840
923715
922777
922440
923093
923082
922964
923291
923287
923650
924226
923982
923849
923854
923909
924142
924031
924057
924176
924856
924406
924776
924692
924637
924485
925285
925112
925227
925134
925686
925763
925952
926038
926135
926553
926388
926455
926889
926862
927085
927002
935904
927203
931732
927565
927500
927254
927295
929147
928677
927688
927579
927598
927761
927722
927835
927811
928920
928754
929005
928935
929105
929064
929480
929211
929198
929157
929326
929414
930306
929670
929621
929611
930023
929711
929737
931518
930379
930600
930594
930939
930846
931093
933408
932450
931882
931783
931775
931794
932348
932271
931993
932830
932487
932947
935388
934425
933906
933799
933690
933441
934401
934346
934008
934359
935268
935172
934486
935046
934553
935175
935208
935333
935615
935860
935794
935899
936310
936629
936563
936372
936641
956403
943879
943182
941951
941623
939925
937858
936931
936821
937180
936954
937116
937250
937368
937326
937723
937709
938750
938300
938193
938206
938286
938454
938467
938570
938611
939736
939654
939055
939259
939190
939492
939811
940396
940363
940103
940205
940213
940233
941525
940944
940795
940499
940423
940409
940597
940519
940599
940936
940821
941009
941280
941118
941104
941163
941489
941330
941618
941597
942067
942718
942371
942151
942467
942701
942976
942732
942770
943104
943772
943667
943411
943519
943704
943698
943741
943843
947316
944209
944103
943885
945469
944311
945260
944715
944749
944945
946441
946429
945863
945686
945578
946276
946093
946548
947062
947189
947245
954639
950522
947717
947397
948532
948259
947731
948254
948340
948454
949859
949063
948846
948846
948991
949744
949621
949555
949085
949202
949452
949246
949602
949773
949897
949879
950413
949984
950027
950359
950266
950301
952969
952079
951090
950931
950792
950554
950764
951021
952060
951220
951639
951480
951248
951631
951792
951941
951847
952024
952812
952714
952642
952300
952324
952306
952387
952799
952929
953187
953180
953021
953243
953526
953358
954341
953529
954259
953837
953714
954010
954355
954454
954442
954484
956387
955911
955836
955041
954813
955681
955273
955118
955247
955326
955315
955828
956249
956195
956052
956177
956215
956338
963385
958740
956718
956585
957247
956812
956774
956783
956961
957244
957117
958485
957771
957482
957425
957434
957640
957495
958056
957780
957789
957784
958235
958105
958111
958334
958732
959581
959257
959205
958849
961576
961006
960559
959611
959912
960036
960042
960672
960886
960762
960709
960787
960865
960914
960944
961452
961435
961183
961274
961240
961220
961263
961518
961497
962269
961619
961846
961942
962081
962975
962525
962498
962454
962972
962899
962529
962722
962660
962635
962848
962931
963252
964269
964057
963776
963712
963639
963814
966219
964447
964413
965390
964566
964476
965371
965009
964802
965263
965318
965986
965798
965699
965933
965929
966833
966435
966780
966541
976882
967618
967289
966982
967143
967040
967282
967563
967308
969146
969031
968420
967808
967744
968114
967941
967956
968135
968816
968797
968719
969049
969083
972683
972158
970008
969814
971874
971139
970164
970229
970457
970378
970337
970553
971177
971162
971806
971705
971488
971321
971261
971219
971322
971682
971508
971995
972083
972483
972275
972385
972354
972625
974575
974513
973635
973228
972940
972859
973018
973012
972947
973473
973360
973545
973492
973863
973655
973739
973922
973910
973918
974508
974467
974100
974506
974563
975335
974798
974694
975064
974986
976684
975520
975364
975643
976023
975884
975741
975732
975651
976418
976756
990753
984711
978093
977093
976903
977025
977643
977633
977170
977117
977324
977333
977856
977831
977982
978008
984565
979396
979159
978994
978133
978818
978196
978358
978753
978388
978496
978783
979221
980191
980161
980156
979742
979555
979450
979700
979647
979807
982802
980595
980355
980358
981193
980912
980676
980808
981038
981789
981659
981379
981258
981358
982766
982367
981845
981810
982031
981944
982014
982174
982054
982323
982442
982520
982515
983394
983184
982835
983144
983304
983184
983388
983628
983517
983430
983455
984341
983930
988447
988417
986581
985380
985155
984725
985106
984918
985071
985077
985098
985123
985262
985251
986083
986015
985518
985968
985823
986071
986073
986519
986179
986099
986438
986497
986817
986705
988361
987565
986935
987059
987992
987611
987763
988036
988373
989340
989134
988596
989132
988995
988731
988683
989050
989863
989775
989746
989653
989673
990259
990243
990232
989994
990283
990534
999379
995269
994427
991592
990805
991328
990922
990902
991171
991216
991343
991584
991421
991349
991572
993047
991792
991725
992651
991916
992593
991967
992171
992186
992601
992636
992718
992698
992964
993011
994403
993950
993147
993096
993625
994043
994290
995076
994807
994674
994518
994946
994888
995120
995261
997265
996288
996252
996175
995735
995402
995269
995554
996115
996067
995962
996544
996463
996458
996429
996926
996734
997065
997031
999290
999201
998324
997788
997528
997587
998273
997911
998067
998571
998459
998966
998639
998939
998801
999254
999359
999512
999458
999771
999890
No
No
No
No
No
No
No
No
No
